image: map_final.pgm
resolution: 0.050000
origin: [-8.140382, -13.534523, 0.000000]
negate: 0
occupied_thresh: 0.65
free_thresh: 0.196

