image: map_Sat Aug 16 12_00_57 2014.pgm
resolution: 0.050000
origin: [-12.200000, -1.000000, 0.000000]
negate: 0
occupied_thresh: 0.65
free_thresh: 0.196

