image: /home/ralph/Dev/ros/catkin_ws/src/kinect_challenge/maps/map_Mon Aug 11 20_28_16 2014.pgm
resolution: 0.050000
origin: [-12.200000, -12.200000, 0.000000]
negate: 0
occupied_thresh: 0.65
free_thresh: 0.196

